+-----------+------+-----------------+----------+-----------+---------------------+----------+
| Month     | Year | Monthly Payment | Interest | Principal | Total Interest Paid | Balance  |
+-----------+------+-----------------+----------+-----------+---------------------+----------+
| July      | 2021 | 242.39          | 133.33   | 109.06    | 133.33              | 39890.94 |
| August    | 2021 | 242.39          | 132.97   | 109.42    | 266.3               | 39781.52 |
| September | 2021 | 242.39          | 132.61   | 109.79    | 398.91              | 39671.73 |
| October   | 2021 | 242.39          | 132.24   | 110.15    | 531.15              | 39561.58 |
| November  | 2021 | 242.39          | 131.87   | 110.52    | 663.02              | 39451.06 |
| December  | 2021 | 242.39          | 131.5    | 110.89    | 794.52              | 39340.17 |
| January   | 2022 | 242.39          | 131.13   | 111.26    | 925.66              | 39228.91 |
| February  | 2022 | 242.39          | 130.76   | 111.63    | 1056.42             | 39117.28 |
| March     | 2022 | 242.39          | 130.39   | 112.0     | 1186.81             | 39005.28 |
| April     | 2022 | 242.39          | 130.02   | 112.37    | 1316.83             | 38892.91 |
| May       | 2022 | 242.39          | 129.64   | 112.75    | 1446.47             | 38780.16 |
| June      | 2022 | 242.39          | 129.27   | 113.12    | 1575.74             | 38667.03 |
| July      | 2022 | 242.39          | 128.89   | 113.5     | 1704.63             | 38553.53 |
| August    | 2022 | 242.39          | 128.51   | 113.88    | 1833.14             | 38439.65 |
| September | 2022 | 242.39          | 128.13   | 114.26    | 1961.27             | 38325.39 |
| October   | 2022 | 242.39          | 127.75   | 114.64    | 2089.02             | 38210.75 |
| November  | 2022 | 242.39          | 127.37   | 115.02    | 2216.39             | 38095.73 |
| December  | 2022 | 242.39          | 126.99   | 115.41    | 2343.38             | 37980.32 |
| January   | 2023 | 242.39          | 126.6    | 115.79    | 2469.98             | 37864.53 |
| February  | 2023 | 242.39          | 126.22   | 116.18    | 2596.19             | 37748.35 |
| March     | 2023 | 242.39          | 125.83   | 116.56    | 2722.02             | 37631.79 |
| April     | 2023 | 242.39          | 125.44   | 116.95    | 2847.46             | 37514.84 |
| May       | 2023 | 242.39          | 125.05   | 117.34    | 2972.51             | 37397.49 |
| June      | 2023 | 242.39          | 124.66   | 117.73    | 3097.17             | 37279.76 |
| July      | 2023 | 242.39          | 124.27   | 118.13    | 3221.44             | 37161.63 |
| August    | 2023 | 242.39          | 123.87   | 118.52    | 3345.31             | 37043.11 |
| September | 2023 | 242.39          | 123.48   | 118.92    | 3468.78             | 36924.2  |
| October   | 2023 | 242.39          | 123.08   | 119.31    | 3591.87             | 36804.89 |
| November  | 2023 | 242.39          | 122.68   | 119.71    | 3714.55             | 36685.18 |
| December  | 2023 | 242.39          | 122.28   | 120.11    | 3836.83             | 36565.07 |
| January   | 2024 | 242.39          | 121.88   | 120.51    | 3958.72             | 36444.56 |
| February  | 2024 | 242.39          | 121.48   | 120.91    | 4080.2              | 36323.65 |
| March     | 2024 | 242.39          | 121.08   | 121.31    | 4201.28             | 36202.34 |
| April     | 2024 | 242.39          | 120.67   | 121.72    | 4321.95             | 36080.62 |
| May       | 2024 | 242.39          | 120.27   | 122.12    | 4442.22             | 35958.5  |
| June      | 2024 | 242.39          | 119.86   | 122.53    | 4562.08             | 35835.96 |
| July      | 2024 | 242.39          | 119.45   | 122.94    | 4681.53             | 35713.03 |
| August    | 2024 | 242.39          | 119.04   | 123.35    | 4800.58             | 35589.68 |
| September | 2024 | 242.39          | 118.63   | 123.76    | 4919.21             | 35465.92 |
| October   | 2024 | 242.39          | 118.22   | 124.17    | 5037.43             | 35341.74 |
| November  | 2024 | 242.39          | 117.81   | 124.59    | 5155.24             | 35217.16 |
| December  | 2024 | 242.39          | 117.39   | 125.0     | 5272.63             | 35092.16 |
| January   | 2025 | 242.39          | 116.97   | 125.42    | 5389.6              | 34966.74 |
| February  | 2025 | 242.39          | 116.56   | 125.84    | 5506.16             | 34840.9  |
| March     | 2025 | 242.39          | 116.14   | 126.26    | 5622.29             | 34714.65 |
| April     | 2025 | 242.39          | 115.72   | 126.68    | 5738.01             | 34587.97 |
| May       | 2025 | 242.39          | 115.29   | 127.1     | 5853.3              | 34460.87 |
| June      | 2025 | 242.39          | 114.87   | 127.52    | 5968.17             | 34333.35 |
| July      | 2025 | 242.39          | 114.44   | 127.95    | 6082.62             | 34205.4  |
| August    | 2025 | 242.39          | 114.02   | 128.37    | 6196.63             | 34077.03 |
| September | 2025 | 242.39          | 113.59   | 128.8     | 6310.22             | 33948.22 |
| October   | 2025 | 242.39          | 113.16   | 129.23    | 6423.38             | 33818.99 |
| November  | 2025 | 242.39          | 112.73   | 129.66    | 6536.11             | 33689.33 |
| December  | 2025 | 242.39          | 112.3    | 130.09    | 6648.41             | 33559.24 |
| January   | 2026 | 242.39          | 111.86   | 130.53    | 6760.28             | 33428.71 |
| February  | 2026 | 242.39          | 111.43   | 130.96    | 6871.7              | 33297.75 |
| March     | 2026 | 242.39          | 110.99   | 131.4     | 6982.7              | 33166.35 |
| April     | 2026 | 242.39          | 110.55   | 131.84    | 7093.25             | 33034.51 |
| May       | 2026 | 242.39          | 110.12   | 132.28    | 7203.37             | 32902.23 |
| June      | 2026 | 242.39          | 109.67   | 132.72    | 7313.04             | 32769.51 |
| July      | 2026 | 242.39          | 109.23   | 133.16    | 7422.27             | 32636.35 |
| August    | 2026 | 242.39          | 108.79   | 133.6     | 7531.06             | 32502.75 |
| September | 2026 | 242.39          | 108.34   | 134.05    | 7639.4              | 32368.7  |
| October   | 2026 | 242.39          | 107.9    | 134.5     | 7747.3              | 32234.2  |
| November  | 2026 | 242.39          | 107.45   | 134.94    | 7854.75             | 32099.26 |
| December  | 2026 | 242.39          | 107.0    | 135.39    | 7961.74             | 31963.86 |
| January   | 2027 | 242.39          | 106.55   | 135.85    | 8068.29             | 31828.02 |
| February  | 2027 | 242.39          | 106.09   | 136.3     | 8174.38             | 31691.72 |
| March     | 2027 | 242.39          | 105.64   | 136.75    | 8280.02             | 31554.97 |
| April     | 2027 | 242.39          | 105.18   | 137.21    | 8385.21             | 31417.76 |
| May       | 2027 | 242.39          | 104.73   | 137.67    | 8489.93             | 31280.09 |
| June      | 2027 | 242.39          | 104.27   | 138.13    | 8594.2              | 31141.96 |
| July      | 2027 | 242.39          | 103.81   | 138.59    | 8698.0              | 31003.38 |
| August    | 2027 | 242.39          | 103.34   | 139.05    | 8801.35             | 30864.33 |
| September | 2027 | 242.39          | 102.88   | 139.51    | 8904.23             | 30724.82 |
| October   | 2027 | 242.39          | 102.42   | 139.98    | 9006.65             | 30584.84 |
| November  | 2027 | 242.39          | 101.95   | 140.44    | 9108.6              | 30444.4  |
| December  | 2027 | 242.39          | 101.48   | 140.91    | 9210.08             | 30303.49 |
| January   | 2028 | 242.39          | 101.01   | 141.38    | 9311.09             | 30162.11 |
| February  | 2028 | 242.39          | 100.54   | 141.85    | 9411.63             | 30020.26 |
| March     | 2028 | 242.39          | 100.07   | 142.32    | 9511.7              | 29877.93 |
| April     | 2028 | 242.39          | 99.59    | 142.8     | 9611.29             | 29735.14 |
| May       | 2028 | 242.39          | 99.12    | 143.28    | 9710.41             | 29591.86 |
| June      | 2028 | 242.39          | 98.64    | 143.75    | 9809.05             | 29448.11 |
| July      | 2028 | 242.39          | 98.16    | 144.23    | 9907.21             | 29303.88 |
| August    | 2028 | 242.39          | 97.68    | 144.71    | 10004.89            | 29159.16 |
| September | 2028 | 242.39          | 97.2     | 145.19    | 10102.08            | 29013.97 |
| October   | 2028 | 242.39          | 96.71    | 145.68    | 10198.8             | 28868.29 |
| November  | 2028 | 242.39          | 96.23    | 146.16    | 10295.02            | 28722.13 |
| December  | 2028 | 242.39          | 95.74    | 146.65    | 10390.77            | 28575.47 |
| January   | 2029 | 242.39          | 95.25    | 147.14    | 10486.02            | 28428.33 |
| February  | 2029 | 242.39          | 94.76    | 147.63    | 10580.78            | 28280.7  |
| March     | 2029 | 242.39          | 94.27    | 148.12    | 10675.05            | 28132.58 |
| April     | 2029 | 242.39          | 93.78    | 148.62    | 10768.82            | 27983.96 |
| May       | 2029 | 242.39          | 93.28    | 149.11    | 10862.1             | 27834.85 |
| June      | 2029 | 242.39          | 92.78    | 149.61    | 10954.88            | 27685.24 |
| July      | 2029 | 242.39          | 92.28    | 150.11    | 11047.17            | 27535.13 |
| August    | 2029 | 242.39          | 91.78    | 150.61    | 11138.95            | 27384.52 |
| September | 2029 | 242.39          | 91.28    | 151.11    | 11230.23            | 27233.41 |
| October   | 2029 | 242.39          | 90.78    | 151.61    | 11321.01            | 27081.8  |
| November  | 2029 | 242.39          | 90.27    | 152.12    | 11411.29            | 26929.68 |
| December  | 2029 | 242.39          | 89.77    | 152.63    | 11501.05            | 26777.05 |
| January   | 2030 | 242.39          | 89.26    | 153.14    | 11590.31            | 26623.92 |
| February  | 2030 | 242.39          | 88.75    | 153.65    | 11679.05            | 26470.27 |
| March     | 2030 | 242.39          | 88.23    | 154.16    | 11767.29            | 26316.11 |
| April     | 2030 | 242.39          | 87.72    | 154.67    | 11855.01            | 26161.44 |
| May       | 2030 | 242.39          | 87.2     | 155.19    | 11942.21            | 26006.26 |
| June      | 2030 | 242.39          | 86.69    | 155.7     | 12028.9             | 25850.55 |
| July      | 2030 | 242.39          | 86.17    | 156.22    | 12115.07            | 25694.33 |
| August    | 2030 | 242.39          | 85.65    | 156.74    | 12200.72            | 25537.58 |
| September | 2030 | 242.39          | 85.13    | 157.27    | 12285.84            | 25380.32 |
| October   | 2030 | 242.39          | 84.6     | 157.79    | 12370.44            | 25222.52 |
| November  | 2030 | 242.39          | 84.08    | 158.32    | 12454.52            | 25064.21 |
| December  | 2030 | 242.39          | 83.55    | 158.84    | 12538.07            | 24905.36 |
| January   | 2031 | 242.39          | 83.02    | 159.37    | 12621.08            | 24745.99 |
| February  | 2031 | 242.39          | 82.49    | 159.91    | 12703.57            | 24586.08 |
| March     | 2031 | 242.39          | 81.95    | 160.44    | 12785.52            | 24425.64 |
| April     | 2031 | 242.39          | 81.42    | 160.97    | 12866.94            | 24264.67 |
| May       | 2031 | 242.39          | 80.88    | 161.51    | 12947.83            | 24103.16 |
| June      | 2031 | 242.39          | 80.34    | 162.05    | 13028.17            | 23941.11 |
| July      | 2031 | 242.39          | 79.8     | 162.59    | 13107.97            | 23778.52 |
| August    | 2031 | 242.39          | 79.26    | 163.13    | 13187.23            | 23615.39 |
| September | 2031 | 242.39          | 78.72    | 163.67    | 13265.95            | 23451.72 |
| October   | 2031 | 242.39          | 78.17    | 164.22    | 13344.12            | 23287.5  |
| November  | 2031 | 242.39          | 77.63    | 164.77    | 13421.75            | 23122.73 |
| December  | 2031 | 242.39          | 77.08    | 165.32    | 13498.83            | 22957.42 |
| January   | 2032 | 242.39          | 76.52    | 165.87    | 13575.35            | 22791.55 |
| February  | 2032 | 242.39          | 75.97    | 166.42    | 13651.32            | 22625.13 |
| March     | 2032 | 242.39          | 75.42    | 166.98    | 13726.74            | 22458.15 |
| April     | 2032 | 242.39          | 74.86    | 167.53    | 13801.6             | 22290.62 |
| May       | 2032 | 242.39          | 74.3     | 168.09    | 13875.9             | 22122.53 |
| June      | 2032 | 242.39          | 73.74    | 168.65    | 13949.64            | 21953.88 |
| July      | 2032 | 242.39          | 73.18    | 169.21    | 14022.82            | 21784.67 |
| August    | 2032 | 242.39          | 72.62    | 169.78    | 14095.44            | 21614.89 |
| September | 2032 | 242.39          | 72.05    | 170.34    | 14167.49            | 21444.55 |
| October   | 2032 | 242.39          | 71.48    | 170.91    | 14238.97            | 21273.64 |
| November  | 2032 | 242.39          | 70.91    | 171.48    | 14309.88            | 21102.16 |
| December  | 2032 | 242.39          | 70.34    | 172.05    | 14380.22            | 20930.11 |
| January   | 2033 | 242.39          | 69.77    | 172.63    | 14449.99            | 20757.48 |
| February  | 2033 | 242.39          | 69.19    | 173.2     | 14519.18            | 20584.28 |
| March     | 2033 | 242.39          | 68.61    | 173.78    | 14587.8             | 20410.51 |
| April     | 2033 | 242.39          | 68.04    | 174.36    | 14655.83            | 20236.15 |
| May       | 2033 | 242.39          | 67.45    | 174.94    | 14723.28            | 20061.21 |
| June      | 2033 | 242.39          | 66.87    | 175.52    | 14790.16            | 19885.69 |
| July      | 2033 | 242.39          | 66.29    | 176.11    | 14856.44            | 19709.58 |
| August    | 2033 | 242.39          | 65.7     | 176.69    | 14922.14            | 19532.89 |
| September | 2033 | 242.39          | 65.11    | 177.28    | 14987.25            | 19355.61 |
| October   | 2033 | 242.39          | 64.52    | 177.87    | 15051.77            | 19177.73 |
| November  | 2033 | 242.39          | 63.93    | 178.47    | 15115.69            | 18999.27 |
| December  | 2033 | 242.39          | 63.33    | 179.06    | 15179.02            | 18820.2  |
| January   | 2034 | 242.39          | 62.73    | 179.66    | 15241.76            | 18640.55 |
| February  | 2034 | 242.39          | 62.14    | 180.26    | 15303.89            | 18460.29 |
| March     | 2034 | 242.39          | 61.53    | 180.86    | 15365.43            | 18279.43 |
| April     | 2034 | 242.39          | 60.93    | 181.46    | 15426.36            | 18097.97 |
| May       | 2034 | 242.39          | 60.33    | 182.07    | 15486.69            | 17915.91 |
| June      | 2034 | 242.39          | 59.72    | 182.67    | 15546.41            | 17733.23 |
| July      | 2034 | 242.39          | 59.11    | 183.28    | 15605.52            | 17549.95 |
| August    | 2034 | 242.39          | 58.5     | 183.89    | 15664.02            | 17366.06 |
| September | 2034 | 242.39          | 57.89    | 184.51    | 15721.9             | 17181.55 |
| October   | 2034 | 242.39          | 57.27    | 185.12    | 15779.18            | 16996.43 |
| November  | 2034 | 242.39          | 56.65    | 185.74    | 15835.83            | 16810.7  |
| December  | 2034 | 242.39          | 56.04    | 186.36    | 15891.87            | 16624.34 |
| January   | 2035 | 242.39          | 55.41    | 186.98    | 15947.28            | 16437.36 |
| February  | 2035 | 242.39          | 54.79    | 187.6     | 16002.07            | 16249.76 |
| March     | 2035 | 242.39          | 54.17    | 188.23    | 16056.24            | 16061.54 |
| April     | 2035 | 242.39          | 53.54    | 188.85    | 16109.78            | 15872.68 |
| May       | 2035 | 242.39          | 52.91    | 189.48    | 16162.68            | 15683.2  |
| June      | 2035 | 242.39          | 52.28    | 190.11    | 16214.96            | 15493.08 |
| July      | 2035 | 242.39          | 51.64    | 190.75    | 16266.61            | 15302.34 |
| August    | 2035 | 242.39          | 51.01    | 191.38    | 16317.61            | 15110.95 |
| September | 2035 | 242.39          | 50.37    | 192.02    | 16367.98            | 14918.93 |
| October   | 2035 | 242.39          | 49.73    | 192.66    | 16417.71            | 14726.27 |
| November  | 2035 | 242.39          | 49.09    | 193.3     | 16466.8             | 14532.96 |
| December  | 2035 | 242.39          | 48.44    | 193.95    | 16515.24            | 14339.01 |
| January   | 2036 | 242.39          | 47.8     | 194.6     | 16563.04            | 14144.42 |
| February  | 2036 | 242.39          | 47.15    | 195.24    | 16610.19            | 13949.17 |
| March     | 2036 | 242.39          | 46.5     | 195.89    | 16656.69            | 13753.28 |
| April     | 2036 | 242.39          | 45.84    | 196.55    | 16702.53            | 13556.73 |
| May       | 2036 | 242.39          | 45.19    | 197.2     | 16747.72            | 13359.53 |
| June      | 2036 | 242.39          | 44.53    | 197.86    | 16792.25            | 13161.67 |
| July      | 2036 | 242.39          | 43.87    | 198.52    | 16836.12            | 12963.15 |
| August    | 2036 | 242.39          | 43.21    | 199.18    | 16879.33            | 12763.97 |
| September | 2036 | 242.39          | 42.55    | 199.85    | 16921.88            | 12564.12 |
| October   | 2036 | 242.39          | 41.88    | 200.51    | 16963.76            | 12363.61 |
| November  | 2036 | 242.39          | 41.21    | 201.18    | 17004.97            | 12162.43 |
| December  | 2036 | 242.39          | 40.54    | 201.85    | 17045.51            | 11960.58 |
| January   | 2037 | 242.39          | 39.87    | 202.52    | 17085.38            | 11758.05 |
| February  | 2037 | 242.39          | 39.19    | 203.2     | 17124.58            | 11554.86 |
| March     | 2037 | 242.39          | 38.52    | 203.88    | 17163.09            | 11350.98 |
| April     | 2037 | 242.39          | 37.84    | 204.56    | 17200.93            | 11146.42 |
| May       | 2037 | 242.39          | 37.15    | 205.24    | 17238.08            | 10941.19 |
| June      | 2037 | 242.39          | 36.47    | 205.92    | 17274.55            | 10735.26 |
| July      | 2037 | 242.39          | 35.78    | 206.61    | 17310.34            | 10528.66 |
| August    | 2037 | 242.39          | 35.1     | 207.3     | 17345.43            | 10321.36 |
| September | 2037 | 242.39          | 34.4     | 207.99    | 17379.84            | 10113.37 |
| October   | 2037 | 242.39          | 33.71    | 208.68    | 17413.55            | 9904.69  |
| November  | 2037 | 242.39          | 33.02    | 209.38    | 17446.57            | 9695.32  |
| December  | 2037 | 242.39          | 32.32    | 210.07    | 17478.88            | 9485.24  |
| January   | 2038 | 242.39          | 31.62    | 210.77    | 17510.5             | 9274.47  |
| February  | 2038 | 242.39          | 30.91    | 211.48    | 17541.42            | 9062.99  |
| March     | 2038 | 242.39          | 30.21    | 212.18    | 17571.63            | 8850.81  |
| April     | 2038 | 242.39          | 29.5     | 212.89    | 17601.13            | 8637.92  |
| May       | 2038 | 242.39          | 28.79    | 213.6     | 17629.92            | 8424.32  |
| June      | 2038 | 242.39          | 28.08    | 214.31    | 17658.0             | 8210.01  |
| July      | 2038 | 242.39          | 27.37    | 215.03    | 17685.37            | 7994.98  |
| August    | 2038 | 242.39          | 26.65    | 215.74    | 17712.02            | 7779.24  |
| September | 2038 | 242.39          | 25.93    | 216.46    | 17737.95            | 7562.78  |
| October   | 2038 | 242.39          | 25.21    | 217.18    | 17763.16            | 7345.6   |
| November  | 2038 | 242.39          | 24.49    | 217.91    | 17787.64            | 7127.69  |
| December  | 2038 | 242.39          | 23.76    | 218.63    | 17811.4             | 6909.06  |
| January   | 2039 | 242.39          | 23.03    | 219.36    | 17834.43            | 6689.69  |
| February  | 2039 | 242.39          | 22.3     | 220.09    | 17856.73            | 6469.6   |
| March     | 2039 | 242.39          | 21.57    | 220.83    | 17878.3             | 6248.77  |
| April     | 2039 | 242.39          | 20.83    | 221.56    | 17899.13            | 6027.21  |
| May       | 2039 | 242.39          | 20.09    | 222.3     | 17919.22            | 5804.91  |
| June      | 2039 | 242.39          | 19.35    | 223.04    | 17938.57            | 5581.87  |
| July      | 2039 | 242.39          | 18.61    | 223.79    | 17957.17            | 5358.08  |
| August    | 2039 | 242.39          | 17.86    | 224.53    | 17975.03            | 5133.55  |
| September | 2039 | 242.39          | 17.11    | 225.28    | 17992.15            | 4908.27  |
| October   | 2039 | 242.39          | 16.36    | 226.03    | 18008.51            | 4682.24  |
| November  | 2039 | 242.39          | 15.61    | 226.78    | 18024.11            | 4455.45  |
| December  | 2039 | 242.39          | 14.85    | 227.54    | 18038.97            | 4227.91  |
| January   | 2040 | 242.39          | 14.09    | 228.3     | 18053.06            | 3999.61  |
| February  | 2040 | 242.39          | 13.33    | 229.06    | 18066.39            | 3770.55  |
| March     | 2040 | 242.39          | 12.57    | 229.82    | 18078.96            | 3540.73  |
| April     | 2040 | 242.39          | 11.8     | 230.59    | 18090.76            | 3310.14  |
| May       | 2040 | 242.39          | 11.03    | 231.36    | 18101.8             | 3078.78  |
| June      | 2040 | 242.39          | 10.26    | 232.13    | 18112.06            | 2846.65  |
| July      | 2040 | 242.39          | 9.49     | 232.9     | 18121.55            | 2613.75  |
| August    | 2040 | 242.39          | 8.71     | 233.68    | 18130.26            | 2380.07  |
| September | 2040 | 242.39          | 7.93     | 234.46    | 18138.19            | 2145.61  |
| October   | 2040 | 242.39          | 7.15     | 235.24    | 18145.34            | 1910.37  |
| November  | 2040 | 242.39          | 6.37     | 236.02    | 18151.71            | 1674.35  |
| December  | 2040 | 242.39          | 5.58     | 236.81    | 18157.29            | 1437.54  |
| January   | 2041 | 242.39          | 4.79     | 237.6     | 18162.09            | 1199.93  |
| February  | 2041 | 242.39          | 4.0      | 238.39    | 18166.09            | 961.54   |
| March     | 2041 | 242.39          | 3.21     | 239.19    | 18169.29            | 722.36   |
| April     | 2041 | 242.39          | 2.41     | 239.98    | 18171.7             | 482.37   |
| May       | 2041 | 242.39          | 1.61     | 240.78    | 18173.31            | 241.59   |
| June      | 2041 | 242.39          | 0.81     | 241.59    | 18174.11            | 0.0      |
+-----------+------+-----------------+----------+-----------+---------------------+----------+